Input card have been read.
Event number  14176  with  c -mode is processing...
Hillas parameters for event 14176 are calculating...

SIZE: 408786.96175
DISTANCE: 137.0902534031646
LENGTH: 138.7275797943019
WIDTH: 109.63046243043122
AZWIDTH: 25434.45784079348
MISS: 96.99333372757398
ALPHA: 90.06608283301416
